1 0.374582723279649 0.857395833333333
2 0.358711566617862 0.748697916666667
3 0.331625183016105 0.751302083333333
4 0.299414348462665 0.752604166666667
5 0.266471449487555 0.755208333333333
6 0.2298682284041 0.7421875
7 0.203513909224012 0.736979166666667
8 0.164714494875549 0.716145833333333
9 0.120058565153734 0.692708333333333
10 0.0805270863836018 0.665364583333333
11 0.08199121522694 0.6015625
12 0.0863836017569546 0.53125
13 0.0900439238653001 0.471354166666667
14 0.0944363103953148 0.407552083333333
15 0.100292825768668 0.34375
16 0.0980966325036603 0.282552083333333
17 0.101756954612006 0.22265625
18 0.102489019033675 0.165364583333333
19 0.108345534407028 0.109375
20 0.104685212298682 0.046875
21 0.150073206442167 0.05859375
22 0.199121522693997 0.0651041666666667
23 0.234992679355783 0.0651041666666667
24 0.262811127379209 0.0520833333333333
25 0.306002928257687 0.0690104166666667
26 0.338213762811127 0.0559895833333333
27 0.37701317715959 0.0572916666666667
28 0.412884333821376 0.0611979166666667
29 0.446559297218155 0.0533854166666667
30 0.479502196193265 0.05078125
31 0.51610541727672 0.0520833333333333
32 0.551976573938507 0.0559895833333333
33 0.573206442166911 0.05078125
34 0.611273792093704 0.0533854166666667
35 0.651537335285505 0.05859375
36 0.68887262079063 0.0651041666666667
37 0.724011713030747 0.0520833333333333
38 0.764275256222548 0.0520833333333333
39 0.794289897510981 0.0520833333333333
40 0.825768667642753 0.05859375
41 0.868228404099561 0.06640625
42 0.898975109809663 0.06640625
43 0.93411420204978 0.06640625
44 0.93411420204978 0.153645833333333
45 0.940702781844802 0.208333333333333
46 0.940702781844802 0.266927083333333
47 0.938506588579795 0.3203125
48 0.945095168374817 0.391927083333333
49 0.945095168374817 0.4609375
50 0.945095168374817 0.520833333333333
51 0.949487554904832 0.588541666666667
52 0.950219619326501 0.65234375
53 0.950219619326501 0.705729166666667
54 0.907027818448023 0.727864583333333
55 0.874816983894583 0.720052083333333
56 0.830893118594436 0.716145833333333
57 0.80307467057101 0.721354166666667
58 0.76207906295754 0.7265625
59 0.739385065885798 0.723958333333333
60 0.702781844802343 0.717447916666667
61 0.673499267935578 0.73046875
62 0.635431918008785 0.71484375
63 0.603221083455344 0.735677083333333
64 0.603221083455344 0.855677083333333

